#stride Mflops/sec\n
8 186.278537
9 178.867312
11 169.125798
13 162.473198
16 112.691091
19 158.183239
23 146.996293
28 149.848610
33 148.400601
40 148.492362
48 113.707746
59 152.064377
71 165.192343
84 174.426130
102 191.334828
123 195.883944
147 224.805260
176 118.474419
212 335.733172
255 348.374576
306 399.306418
368 187.293894
441 427.249797
529 410.091068
635 418.873089
762 385.800306
915 405.532927
1098 409.725566
1318 409.011568
1582 434.012061
1898 438.832362
2278 433.876724
2734 434.507754
3280 254.307274
3937 508.711659
4724 658.340009
5670 678.966396
6804 687.429220
8164 681.584515
9798 679.413239
11757 677.994389
14109 679.614530
16931 678.180818
20317 687.784779
24381 678.026392
29257 678.801589
35109 678.941495
42131 678.839693
50557 676.743288
60668 688.481865
72803 680.543379
87364 688.657529
104836 682.844607
125804 1320.518889
150964 1276.618768
181158 1238.829249
217389 1231.759580
260868 1207.863415
313041 1206.192022
375649 1211.112328
450780 1216.608954
540936 1221.324871
649123 1222.103160
778948 1221.216686
934737 1230.758139
