#threads speedup
1 1.03826832740740286116
2 2.07596967493128856277
3 3.11383257298059895981
4 4.15154826616276409232
5 5.18902521539086111236
6 6.22719654762497645222
7 7.26405729635658924518
8 8.30166443913943358264
9 9.33891926032606313109
10 10.37651518021601747767
11 11.41308984985008820091
12 12.44420765677567313205
13 13.47875349460664731011
14 14.51504430138569586360
15 15.53740116535067222418
16 16.59303076985212238704
17 17.62855680466844021625
18 18.64759147468276456819
19 19.66331410911651789834
20 20.73145017697392608184
21 21.76484945264105892102
22 22.79980418039187705382
23 23.83552759716714115809
24 24.86587379816006087016
25 25.90037960490469350168
26 26.93282918149466192170
27 27.96386239219003724123
28 28.99606279365207396503
29 30.03506490793829829453
30 31.06095789433892978069
31 32.10555840850227739573
32 33.12623825101363803907
33 34.15523066965160539426
34 35.14659244367587121374
35 36.22115796367666691856
36 37.24929248185062138550