#threads speedup
1 1.03826381523552119281
2 2.07576825846320399887
3 3.11259689953083967223
4 4.15128514022392020420
5 5.18857506873727422651
6 6.22615732807295458816
7 7.26344105833364041714
8 8.30099683724220997174
9 9.33754002993955242264
10 10.37418716463551028034
11 11.41265705517920213073
12 12.44211589445777048352
13 13.48360109041034042829
14 14.51885680612846199175
15 15.55509959279017645759
16 16.59116352280666313140
17 17.62402707427094835949
18 18.59106043028399498222
19 19.12630026393417171246
20 20.13206342721446263054
21 21.13747379370619996675
22 22.13527687625635900142
23 23.10707838034278211530
24 24.14547949065028450329
25 25.14934609250398724082
26 26.15395842870316926404
27 27.15378945990811343238
28 28.04051554897999829288
29 28.28516488247280658955
30 29.01164245448256575558
31 28.42835508761808610369
32 29.32543815276579284077
33 30.17090026863409892775
34 31.14805391823770167980
35 32.07433262548105478125
36 32.97112843330768458733