#N MFLOPS/s
10 0.099649
12 0.120653
14 0.137508
17 0.168898
20 0.199714
24 0.238080
29 0.284562
35 0.340174
42 0.396834
51 0.476437
61 0.575237
74 0.684590
89 0.736551
106 0.936367
128 1.088299
154 1.299527
184 1.486127
221 1.723383
266 2.006215
319 2.277314
383 2.582473
460 2.871041
552 3.282752
662 3.589217
794 3.826511
953 4.246799
1144 4.597647
1373 4.958893
1648 5.069652
1978 4.637856
2373 3.529581
2848 3.567158
3418 4.625975
4101 3.774262
4922 4.877525
5906 4.986559
7088 3.887318
8505 3.931356
10206 4.124052
12248 3.586719
14697 4.053769
17637 3.767109
21164 3.795968
25397 3.803795
30477 3.816283
36572 3.823612
43887 3.112434
52664 3.139781
63197 2.742492
75836 2.292456
91004 2.068645
109205 2.087319
131046 2.080783
157255 2.018250
188706 2.090076
226448 2.090792
271737 2.089604
326085 2.093667
391302 2.041131
469562 2.094158
563475 2.094127
676170 2.077238
811404 2.038775
973685 1.978797
1168422 1.817120
1402106 1.630535
1682527 1.468301
2019033 1.378875
2422839 1.320773
2907407 1.272157
3488889 1.228350
4186667 1.190197
5024000 1.203235
6028801 1.170445
7234561 1.185283
8681473 1.165543
10417768 1.175778
12501322 1.146546
15001586 1.170977
18001903 1.170267
21602284 1.160444
25922741 1.166901
31107289 1.160607
37328747 1.162045
44794497 1.143516
53753396 1.156366
64504076 1.140472
77404891 1.142969
92885869 1.154218
111463043 0.991495

