#N MFLOPS/s
10 0.006576
12 0.007379
14 0.008562
17 0.009887
20 0.011928
24 0.015844
29 0.020777
35 0.023622
42 0.029477
51 0.035554
61 0.047989
74 0.050471
89 0.058280
106 0.060745
128 0.110073
154 0.113239
184 0.135709
221 0.167223
266 0.209380
319 0.277804
383 0.332623
460 0.376257
552 0.451916
662 0.515638
794 0.650151
953 0.782195
1144 0.942476
1373 1.100316
1648 1.322182
1978 1.667677
2373 1.738165
2848 2.226858
3418 2.700741
4101 3.305851
4922 4.064062
5906 4.908868
7088 5.508839
8505 6.810811
10206 8.489249
12248 9.883593
14697 12.001783
17637 11.814071
21164 14.588369
25397 18.114015
30477 18.786984
36572 22.782947
43887 24.006743
52664 26.788576
63197 30.075962
75836 32.344434
91004 35.394397
109205 38.806594
131046 38.658770
157255 42.138347
188706 44.396198
226448 47.199085
271737 49.244839
326085 50.829212
391302 52.558722
469562 51.572115
563475 54.158660
676170 46.976845
811404 47.427157
973685 42.468477
1168422 25.164179
1402106 22.013744
1682527 21.488477
2019033 12.221843
2422839 8.671908
2907407 8.301046
3488889 7.318575
4186667 7.746207
5024000 7.157138
6028801 6.904200
7234561 6.904939
8681473 6.724603
10417768 6.531391
12501322 6.470647
15001586 6.485576
18001903 6.343776
21602284 6.305817
25922741 6.381576
31107289 6.467848
37328747 6.399830
44794497 6.246275
53753396 6.395957
64504076 6.260231
77404891 6.261133
92885869 6.360549
111463043 6.321000

