#N MFLOPS/s
10 0.006376
12 0.007077
14 0.008227
17 0.009709
20 0.011994
24 0.014514
29 0.019199
35 0.024256
42 0.028084
51 0.031206
61 0.039891
74 0.058344
89 0.056764
106 0.061691
128 0.071453
154 0.105158
184 0.118746
221 0.149251
266 0.186759
319 0.248784
383 0.301772
460 0.347906
552 0.426759
662 0.483590
794 0.626264
953 0.681889
1144 0.858443
1373 1.031146
1648 1.238005
1978 1.533574
2373 1.799035
2848 2.224959
3418 2.602401
4101 3.281397
4922 3.982340
5906 4.571592
7088 5.555687
8505 6.588799
10206 7.308971
12248 8.937064
14697 11.414412
17637 12.587615
21164 14.988742
25397 17.467548
30477 18.368293
36572 20.884596
43887 23.748086
52664 27.742792
63197 28.310563
75836 33.137641
91004 35.374177
109205 38.773626
131046 42.493931
157255 44.149808
188706 46.788440
226448 50.838867
271737 53.592367
326085 55.240203
391302 56.705004
469562 58.761379
563475 60.883600
676170 59.242427
811404 49.592278
973685 54.950080
1168422 35.785865
1402106 24.328160
1682527 23.406257
2019033 15.743974
2422839 10.429939
2907407 7.831929
3488889 8.136008
4186667 6.902644
5024000 7.436916
6028801 6.929695
7234561 6.710503
8681473 6.838209
10417768 6.750788
12501322 6.652925
15001586 6.639222
18001903 6.589673
21602284 6.352416
25922741 6.470627
31107289 6.436664
37328747 6.411858
44794497 6.394476
53753396 6.231693
64504076 6.275956
77404891 6.261512
92885869 6.396429
111463043 6.308892

