#N MFLOPS/s
10 0.006746
12 0.007860
14 0.009169
17 0.011511
20 0.014731
24 0.018417
29 0.021052
35 0.027427
42 0.034164
51 0.040795
61 0.047101
74 0.053660
89 0.073006
106 0.072658
128 0.083720
154 0.122620
184 0.152854
221 0.160693
266 0.224414
319 0.282366
383 0.375414
460 0.385378
552 0.445671
662 0.612811
794 0.726818
953 0.846510
1144 0.984870
1373 1.150759
1648 1.395245
1978 1.644432
2373 2.090477
2848 2.672787
3418 3.152889
4101 3.347023
4922 4.536212
5906 5.006566
7088 5.929178
8505 7.253811
10206 7.878505
12248 9.999472
14697 12.558196
17637 13.619253
21164 15.329861
25397 16.625190
30477 17.586079
36572 18.123420
43887 21.440280
52664 23.015738
63197 25.253699
75836 27.637555
91004 30.443871
109205 31.323013
131046 34.303061
157255 35.477590
188706 36.816917
226448 38.084621
271737 39.563108
326085 40.832458
391302 41.077490
469562 39.591033
563475 33.068405
676170 35.059861
811404 26.739274
973685 22.017624
1168422 21.618030
1402106 19.139366
1682527 14.245304
2019033 9.604703
2422839 7.648373
2907407 6.424234
3488889 5.662202
4186667 6.203333
5024000 5.929205
6028801 5.773485
7234561 5.626125
8681473 5.818459
10417768 5.655195
12501322 5.572191
15001586 5.744416
18001903 5.762553
21602284 5.583840
25922741 5.609912
31107289 5.679082
37328747 5.627914
44794497 5.699298
53753396 5.753217
64504076 5.671744
77404891 5.531959
92885869 5.668614
111463043 5.706046

