#N MFLOPS/s
10 0.016262
12 0.017129
14 0.020683
17 0.028458
20 0.029450
24 0.036239
29 0.050473
35 0.059083
42 0.072541
51 0.088254
61 0.090553
74 0.128493
89 0.150715
106 0.169345
128 0.223935
154 0.253962
184 0.307824
221 0.326484
266 0.378662
319 0.459276
383 0.588887
460 0.676945
552 0.817364
662 0.993122
794 1.182558
953 1.477381
1144 1.634250
1373 1.895670
1648 2.248668
1978 2.675464
2373 3.087497
2848 3.691836
3418 3.955618
4101 3.786013
4922 4.038119
5906 4.387665
7088 4.957734
8505 5.078753
10206 4.747210
12248 5.687346
14697 6.134367
17637 6.214941
21164 6.695733
25397 6.589602
30477 6.734561
36572 7.103761
43887 7.053767
52664 7.112379
63197 7.245517
75836 7.419698
91004 6.648109
109205 5.946889
131046 5.063439
157255 4.517598
188706 4.193892
226448 4.167654
271737 4.153918
326085 4.166097
391302 4.169167
469562 4.172389
563475 4.171789
676170 4.167155
811404 4.087496
973685 3.825017
1168422 3.510817
1402106 3.152778
1682527 2.810637
2019033 2.668337
2422839 2.485185
2907407 2.350637
3488889 2.339471
4186667 2.205278
5024000 2.221474
6028801 2.207671
7234561 2.212982
8681473 2.204732
10417768 2.192591
12501322 2.163249
15001586 2.188666
18001903 2.201093
21602284 2.160426
25922741 2.188205
31107289 2.172638
37328747 2.176604
44794497 2.157942
53753396 2.174483
64504076 2.153300
77404891 2.151702
92885869 2.174865
111463043 2.170325

