#N MFLOPS/s
10 0.010540
12 0.012884
14 0.014199
17 0.017777
20 0.022653
24 0.029338
29 0.034490
35 0.041910
42 0.051000
51 0.059928
61 0.069246
74 0.088182
89 0.092020
106 0.106767
128 0.132165
154 0.163481
184 0.192837
221 0.209423
266 0.303895
319 0.339820
383 0.439219
460 0.543213
552 0.662880
662 0.795659
794 0.844368
953 1.138162
1144 1.370336
1373 1.623739
1648 1.902893
1978 2.028401
2373 2.693575
2848 3.059721
3418 3.961785
4101 4.488833
4922 5.365210
5906 5.973502
7088 6.264618
8505 6.533955
10206 6.356088
12248 7.685139
14697 8.436568
17637 9.494211
21164 9.863356
25397 10.706681
30477 10.808662
36572 11.418573
43887 11.925554
52664 12.895594
63197 12.730761
75836 13.416261
91004 13.699484
109205 14.065226
131046 14.082925
157255 13.632261
188706 12.925033
226448 11.480695
271737 9.313765
326085 8.496640
391302 8.003161
469562 8.027107
563475 8.041178
676170 8.033478
811404 7.864595
973685 7.382127
1168422 6.721716
1402106 5.907215
1682527 5.164191
2019033 4.630445
2422839 4.335057
2907407 4.101016
3488889 3.850243
4186667 3.835861
5024000 3.753365
6028801 3.491542
7234561 3.627634
8681473 3.677198
10417768 3.553288
12501322 3.580583
15001586 3.610505
18001903 3.496756
21602284 3.490944
25922741 3.576634
31107289 3.557596
37328747 3.567873
44794497 3.583424
53753396 3.559359
64504076 3.582636
77404891 3.490834
92885869 3.585016
111463043 3.557410

