#N MFLOPS/s
10 0.008184
12 0.009973
14 0.012045
17 0.014112
20 0.016549
24 0.021716
29 0.025747
35 0.028598
42 0.039234
51 0.044427
61 0.055811
74 0.067466
89 0.072995
106 0.078452
128 0.101392
154 0.133908
184 0.158382
221 0.196666
266 0.238658
319 0.301573
383 0.357939
460 0.468641
552 0.528878
662 0.669996
794 0.743736
953 0.872094
1144 1.031202
1373 1.290596
1648 1.562141
1978 1.977453
2373 2.339748
2848 2.653650
3418 3.198105
4101 4.186799
4922 4.385208
5906 5.424721
7088 6.451021
8505 7.158064
10206 8.334907
12248 9.581860
14697 11.316143
17637 11.290085
21164 12.223030
25397 14.177514
30477 15.448487
36572 16.937923
43887 18.586643
52664 19.594686
63197 20.356036
75836 22.143430
91004 23.693030
109205 24.175389
131046 25.438345
157255 25.920212
188706 27.251692
226448 27.442897
271737 23.859910
326085 26.174444
391302 24.214015
469562 22.334508
563475 17.241831
676170 16.250971
811404 15.403363
973685 15.458662
1168422 12.013068
1402106 11.228832
1682527 9.334567
2019033 7.253239
2422839 6.424005
2907407 5.417657
3488889 5.280323
4186667 5.206402
5024000 5.016320
6028801 4.566415
7234561 4.981757
8681473 4.702887
10417768 4.867388
12501322 4.876018
15001586 4.855835
18001903 4.881235
21602284 4.875329
25922741 4.801194
31107289 4.931216
37328747 4.939019
44794497 4.876108
53753396 4.870819
64504076 4.832680
77404891 4.777766
92885869 4.939033
111463043 4.906519

