#N MFLOPS/s
10 4.734321
12 7.273766
14 6.079600
17 7.046644
20 6.610227
24 6.714493
29 7.600144
35 7.554124
42 8.606982
51 8.983449
61 9.900428
74 10.150902
89 10.572876
106 10.550530
128 11.241047
154 10.931740
184 11.334967
221 10.931381
266 11.150195
319 8.198789
383 11.123449
460 7.832944
552 11.751478
662 9.752032
794 10.168310
953 9.970408
1144 10.469219
1373 10.448958
1648 10.458235
1978 10.758919
2373 4.373832
2848 4.270704
3418 5.606988
4101 4.314576
4922 5.568183
5906 5.464048
7088 4.168395
8505 4.209963
10206 4.384967
12248 3.761470
14697 4.228913
17637 3.891897
21164 3.891551
25397 3.898428
30477 3.723273
36572 3.891047
43887 3.267366
52664 3.005795
63197 2.971336
75836 2.299073
91004 2.182297
109205 2.098037
131046 2.130790
157255 2.163442
188706 2.080795
226448 2.106153
271737 2.106199
326085 2.139519
391302 2.077645
469562 2.113623
563475 2.112250
676170 1.994528
811404 1.938885
973685 1.830960
1168422 1.793210
1402106 1.522408
1682527 1.398338
2019033 1.381399
2422839 1.297055
2907407 1.273441
3488889 1.211293
4186667 1.174947
5024000 1.190802
6028801 1.146635
7234561 1.161046
8681473 1.150258
10417768 1.180372
12501322 1.156966
15001586 1.171974
18001903 1.160053
21602284 1.166766
25922741 1.152132
31107289 1.156685
37328747 1.155356
44794497 1.153059
53753396 1.156257
64504076 1.129681
77404891 1.128323
92885869 1.146027
111463043 0.971710
