#threads kernelbandwidth(GB/s)
1 29.6622
2 59.3196
3 81.925
4 105.652
5 126.58
6 150.097
7 169.449
8 164.612
9 182.757
10 199.991
11 217.973
12 251.849
13 263.687
14 282.89
15 275.989
16 376.779
17 353.612
18 317.873
19 331.949
20 346.468
21 355.655
22 383.169
23 391.791
24 411.101
25 404.301
26 417.795
27 441.12
28 473.164
29 473.109
30 487.565
31 471.912
32 588.255
33 499.965
34 511.792
35 518.874
36 537.304
37 548.156
38 557.492
39 573.322
40 603.588
41 596.789
42 622.884
43 631.72
44 649.532
45 654.533
46 649.593
47 655.767
48 756.699
49 621.53
50 636.499
51 640.538
52 642.306
53 658.753
54 673.02
55 672.103
56 676.664
57 674.928
58 686.687
59 688.316
60 707.999
61 704.715
62 711.802
63 751.276
64 990.21
65 736.771
66 748.541
67 711.77
68 721.917
69 729.556
70 737.485
71 739.708
72 768.372
73 754.407
74 766.913
75 765.932
76 777.978
77 775.453
78 780.033
79 792.157
80 1028.04
81 781.304
82 820.237
83 823.226
84 831.449
85 782.745
86 815.655
87 828.768
88 841.024
89 894.148
90 794.348
91 811.069
92 815.301
93 815.103
94 825.839
95 826.298
96 1137.53
97 763.599
98 770.036
99 772.785
100 780.016
101 798.041
102 805.732
103 804.377
104 815.338
105 804.302
106 815.452
107 814.707
108 818.684
109 823.284
110 859.714
111 854.667
112 1117.84
113 830.777
114 801.372
115 811.526
116 820.434
117 809.513
118 816.487
119 821.527
120 842.494
121 826.089
122 838.489
123 836.295
124 843.736
125 840.803
126 853.266
127 852.059
128 1193.5
129 796.237
130 804.032
131 821.434
132 823.816
133 818.496
134 809.403
135 831.273
136 859.353
137 852.794
138 855.851
139 858.575
140 847.428
141 844.684
142 858.316
143 853.766
144 1186.56
145 831.862
146 842.119
147 838.203
148 850.736
149 851.523
150 848.831
151 855.237
152 874.893
153 865.861
154 868.637
155 944.329
156 872.989
157 855.034
158 877.322
159 874.763
160 1223.13
161 833.821
162 844.545
163 840.86
164 840.528
165 867.562
166 872.986
167 875.033
168 873.501
169 870.24
170 873.58
171 870.829
172 858.915
173 875.144
174 878.636
175 882.749
176 1212.96
177 886.728
178 899.254
179 914.749
180 922.523
181 914.032
182 888.544
183 889.172
184 901.957
185 896.764
186 900.583
187 898.402
188 905.945
189 908.131
190 904.481
191 906.334
192 1237.79
193 872.155
194 881.316
195 875.087
196 896.507
197 887.671
198 885.225
199 898.768
200 908.104
201 905.855
202 911.338
203 912.415
204 918.369
205 909.96
206 917.458
207 920.204
208 1226.76
209 921.25
210 946.243
211 937.531
212 961.33
213 950.334
214 961.356
215 963.613
216 969.061
217 935.674
218 949.739
219 941.345
220 957.815
221 959.029
222 965.572
223 962.739
224 1253.28
225 939.982
226 936.983
227 991.651
228 997.903
229 932.102
230 942.315
231 939.205
232 938.911
233 954.919
234 963.279
235 961.977
236 952.021
237 958.848
238 964.168
239 976.89
240 1239.44
241 1000.73
242 1000.68
243 963.177
244 976.356
245 967.906
246 970.53
247 969.83
248 978.847
249 994.158
250 994.291
251 984.503
252 981.68
253 977.05
254 987.82
255 985.134
256 1251.84
257 815.453
258 824.447
259 821.727
260 817.112
261 827.059
262 817.032
263 832.037
264 849.107
265 837.021
266 827.355
267 837.831
268 833.4
269 832.031
270 844.515
271 843.228
272 1098.63
273 847.324
274 867.543
275 868.715
276 874.026
277 849.663
278 853.581
279 857.158
280 866.971
281 860.011
282 866.765
283 862.935
284 865.559
285 863.687
286 875.725
287 862.025
288 1127.94
289 818.734
290 827.746
291 805.355
292 817.131
293 818.371
294 839.344
295 838.214
296 857.554
297 822.259
298 829.398
299 839.306
300 845.483
301 827.647
302 839.102
303 832.219
304 1181.17
305 835.855
306 843.601
307 835.951
308 841.689
309 838.897
310 847.371
311 839.756
312 888.664
313 870.873
314 880.624
315 848.202
316 855.762
317 851.913
318 865.128
319 857.045
320 1214.53
321 838.917
322 842.277
323 845.431
324 859.271
325 844.678
326 854.468
327 855.429
328 867.907
329 857.922
330 862.585
331 866.97
332 889.685
333 882.936
334 885.627
335 863.64
336 1218.6
337 871.21
338 875.098
339 866.941
340 882.621
341 869.822
342 864.368
343 880.097
344 896.491
345 894.058
346 897.49
347 863.571
348 899.803
349 902.651
350 909.226
351 897.988
352 1232.8
353 876.199
354 886.61
355 883.302
356 898.508
357 892.883
358 901.188
359 893.695
360 926.219
361 920.564
362 923.449
363 920.537
364 910.517
365 890.835
366 906.192
367 902.494
368 1218.64
369 911.078
370 920.046
371 973.11
372 979.479
373 928.534
374 926.295
375 927.449
376 919.774
377 919.247
378 919.918
379 922.426
380 930.486
381 925.315
382 926.563
383 939.148
384 1227.51
385 914.582
386 922.637
387 900.855
388 910.072
389 909.143
390 910.511
391 914.776
392 928.09
393 915.763
394 915.484
395 918.965
396 934.288
397 937.152
398 933.011
399 921.162
400 1217.28
401 924.581
402 926.456
403 927.079
404 922.557
405 929.952
406 934.504
407 929.324
408 957.11
409 956.803
410 952.437
411 956.448
412 938.866
413 935.602
414 925.478
415 941.542
416 1231.46
417 920.114
418 928.343
419 926.055
420 933.628
421 927.832
422 934.975
423 935.097
424 946.104
425 934.151
426 933.564
427 924.782
428 937.586
429 939.779
430 940.218
431 934.762
432 1226.96
433 965.664
434 956.877
435 972.918
436 943.108
437 962.178
438 958.17
439 960.132
440 978.28
441 963.624
442 964.6
443 960.91
444 967.238
445 1020.34
446 965.08
447 969.591
448 1245.32
449 940.163
450 951.828
451 951.334
452 959.209
453 961.329
454 962.55
455 961.968
456 981.577
457 965.9
458 967.812
459 965.027
460 951.183
461 974.511
462 994.288
463 992.157
464 1232.98
465 975.555
466 996.443
467 993.298
468 1003.95
469 978.416
470 981.347
471 972.718
472 998.421
473 987.445
474 974.476
475 965.411
476 968.692
477 958.998
478 991.098
479 1003.68
480 1256.56
481 992.511
482 976.398
483 975.843
484 983.128
485 979.374
486 986.755
487 985.456
488 992.516
489 983.163
490 997.017
491 998.864
492 1004.88
493 997.404
494 995.777
495 994.606
496 1236.06
497 996.474
498 997.476
499 1002.64
500 1009.31
501 994.874
502 1009.74
503 997.948
504 1003.91
505 999.704
506 982.322
507 998.451
508 986.557
509 1004.8
510 1000.52
511 1005.87
512 1255.87
513 921.941
514 926.657
515 902.309
516 906.676
517 906.454
518 930.341
519 926.923
520 989.326
521 905.921
522 924.52
523 926.151
524 913.732
525 915.545
526 919.297
527 926.936
528 1229.42
529 931.916
530 923.689
531 935.448
532 928.493
533 943.33
534 929.594
535 931.402
536 943.96
537 924.555
538 930.364
539 927.303
540 935.786
541 933.375
542 932.546
543 933.762
544 1242.82
545 902.498
546 910.562
547 925.314
548 932.053
549 929.175
550 942.428
551 920.165
552 950.944
553 933.11
554 944.378
555 930.272
556 936.426
557 936.754
558 940.561
559 940.111
560 1213.01
561 949.972
562 946.944
563 959.176
564 963.6
565 958.909
566 964.465
567 949.141
568 965.519
569 958.044
570 974.727
571 977.413
572 977.412
573 947.874
574 954.54
575 957.38
576 1255.71
577 943.541
578 939.035
579 932.986
580 951.345
581 940.915
582 946.48
583 945.396
584 959.722
585 947.138
586 966.886
587 965.172
588 966.258
589 945.402
590 949.09
591 931.855
592 1236.93
593 951.27
594 1009.85
595 961.581
596 962.077
597 954.597
598 964.391
599 962.446
600 978.94
601 971.604
602 971.822
603 965.671
604 975.757
605 967.18
606 972.676
607 971.852
608 1257.61
609 971.64
610 976.843
611 973.664
612 999.414
613 998.072
614 996.81
615 979.761
616 994.186
617 979.026
618 981.184
619 979.928
620 966.916
621 977.415
622 984.17
623 965.223
624 1244.56
625 995.405
626 999.109
627 995.465
628 990.908
629 987.236
630 991.923
631 998.574
632 1019.88
633 1001.44
634 982.834
635 993.72
636 1001.55
637 1000.16
638 999.939
639 992.626
640 1261.05
641 979.204
642 983.761
643 982.12
644 990.577
645 968.965
646 987.547
647 1002.75
648 1012.26
649 1006.65
650 992.713
651 973.788
652 993.861
653 992.952
654 980.123
655 996.079
656 1245.65
657 1001.65
658 993.697
659 997.705
660 1000.93
661 995.669
662 997.8
663 995.87
664 1005.43
665 987.321
666 997.058
667 992.407
668 1054.28
669 999.383
670 986.227
671 985.566
672 1256.63
673 881.947
674 887.081
675 892.656
676 873.245
677 876.777
678 881.832
679 865.903
680 893.47
681 869.212
682 886.334
683 891.916
684 889.965
685 891.772
686 904.316
687 906.356
688 1223.26
689 890.985
690 892.049
691 893.784
692 895.622
693 899.678
694 897.909
695 895.317
696 911.641
697 897.61
698 897.636
699 903.238
700 894.938
701 915.184
702 917.563
703 905.344
704 1240.26
705 878.981
706 885.928
707 883.722
708 888.872
709 892.906
710 894.37
711 895.609
712 901.618
713 884.511
714 887.718
715 890.81
716 892.897
717 895.638
718 915.513
719 901.459
720 1227.59
721 882.574
722 903.442
723 889.403
724 899.848
725 900.847
726 925.232
727 925.044
728 934.003
729 903.371
730 910.103
731 908.054
732 917.037
733 911.405
734 922.351
735 912.418
736 1233.4
737 896.531
738 912.206
739 914.142
740 920.758
741 922.146
742 985.525
743 984.645
744 925.723
745 924.768
746 911.036
747 911.967
748 923.294
749 919.949
750 922.464
751 928.111
752 1227.69
753 924.451
754 928.73
755 928.857
756 930.791
757 921.474
758 923.95
759 909.502
760 916.241
761 912.037
762 918.266
763 911.292
764 928.972
765 933.052
766 928.394
767 930.031
768 1235.29
769 917.33
770 926.921
771 950.957
772 959.227
773 942.417
774 934.897
775 931.511
776 938.556
777 934.441
778 935.338
779 926.356
780 933.692
781 921.013
782 936.608
783 932.786
784 1230.76
785 960.909
786 961.252
787 960.747
788 936.094
789 937.939
790 949.558
791 935.093
792 938.945
793 932.765
794 929.532
795 934.896
796 937.134
797 927.36
798 940.878
799 950.666
800 1246.26
801 951.706
802 955.14
803 943.277
804 929.399
805 925.749
806 938.055
807 959.521
808 967.286
809 969.57
810 955.378
811 961.111
812 958.699
813 958.959
814 955.125
815 956.011
816 1225.1
817 998.439
818 964.559
819 949
820 959.21
821 960.247
822 959.892
823 968.973
824 970.877
825 972.244
826 961.96
827 953.302
828 961.717
829 953.211
830 964.097
831 964.907
832 1250
833 957.696
834 965.547
835 967.589
836 957.086
837 953.598
838 956.847
839 951.125
840 958.892
841 953.445
842 955.691
843 958.551
844 967.752
845 962.609
846 986.441
847 984.16
848 1206.68
849 939.64
850 958.123
851 957.72
852 959.957
853 954.312
854 968.42
855 964.087
856 970.24
857 960.173
858 962.328
859 969.561
860 968.635
861 962.48
862 969.2
863 964.385
864 1250.82
865 962.414
866 965.163
867 970.037
868 976.712
869 979.343
870 963.01
871 990.064
872 985.07
873 987.068
874 977.485
875 972.646
876 978.383
877 958.914
878 979.106
879 983.259
880 1234.33
881 979.727
882 984.596
883 982.49
884 965.639
885 981.111
886 960.663
887 979.442
888 985.608
889 993.227
890 996.669
891 992.537
892 978.555
893 981.334
894 988.864
895 987.926
896 1253.59
897 967.209
898 968.858
899 961.495
900 977.616
901 974.757
902 959.89
903 972.869
904 988.484
905 974.703
906 971.811
907 971.029
908 958.129
909 976.324
910 984.566
911 962.913
912 1245.74
913 973.961
914 975.809
915 974.345
916 978.697
917 973.701
918 976.044
919 981.269
920 981.238
921 979.492
922 983.573
923 980.611
924 985.941
925 974.818
926 972.295
927 973.886
928 1269.18
929 981.171
930 979.222
931 981.89
932 987.628
933 990.323
934 988.273
935 985.596
936 991.536
937 974.871
938 993.711
939 973.813
940 1002.31
941 991.354
942 993.972
943 980.496
944 1246.21
945 991.114
946 992.002
947 984.992
948 987.188
949 991.073
950 994.043
951 1001.51
952 1014.89
953 1016.6
954 1026.59
955 995.405
956 998.382
957 999.427
958 1000.75
959 989.128
960 1261.83
961 984.501
962 992.312
963 991.468
964 1008.15
965 1007.94
966 990.488
967 994.382
968 998.855
969 996.343
970 999.337
971 998.482
972 985.239
973 989.943
974 995.178
975 997.656
976 1248.83
977 1002.88
978 1003.16
979 1002
980 1004.91
981 1012.55
982 1014.15
983 1016.39
984 1012.48
985 1019.36
986 1025.21
987 1016.95
988 1011.4
989 1007.06
990 1009.96
991 1010.04
992 1269.4
993 1011.22
994 1012.34
995 987.92
996 1018.27
997 1007.11
998 1000.21
999 1007.18
1000 1014.37
1001 986.774
1002 1016.73
1003 1018.44
1004 1030.01
1005 999.27
1006 1019.59
1007 1003.48
1008 1252.98
1009 1018.17
1010 1024.05
1011 1020.5
1012 1016.36
1013 1009.52
1014 1021.94
1015 1027.03
1016 1031.66
1017 1039.69
1018 1040.12
1019 1039.06
1020 1021.92
1021 1029.16
1022 1038.67
1023 1029.29
1024 1265.2
