#tilesize performnce(MPX/s)
10 98.30916966764509778048 
12 98.84522419414783555317 
15 98.51203050808127023601 
20 99.29903706413791003330 
24 98.54158454867954276704 
25 98.44156071437946815306 
30 98.33907487843105032250 
40 99.69135556317640584749 
50 97.79309241751478631557 
60 98.17482099457638655572 
75 98.19131596001649614108 
100 97.31492971050754709718 
120 94.57039820442337275868 
125 93.91286055234118500499 
150 89.64836325994917535458 
200 97.07410032802417101954 
250 95.31394294719183943201 
300 90.23298155838374683432 
375 83.63628253451390592590 
500 78.74641310088325476774 
600 82.13585343167246119902 
625 78.19907189865956364222 
750 76.28706449410148417331 
1000 77.85440188788274089016 
1250 75.28379481184237514015 
1500 75.84243245894312053519 
1875 69.03227488958671144048 
2500 48.78580796995314611002 
3000 37.70144510476896470658 
3750 28.11924961345404864705 
5000 15.77593737639991286073 
