#tilesize performnce(MPX/s)
10 98.37880474561864527576 
12 98.62062617522912858814 
15 98.49568632669749654608 
20 99.25479499914640876300 
24 98.51315194362070422455 
25 98.45973959368072263322 
30 98.23272773948156695608 
40 99.53021737399474480452 
50 97.80320951012328420569 
60 98.06391326442999587695 
75 98.04442763406159281669 
100 97.47019361479259642401 
120 94.90515389819756131716 
125 93.82685983601566950260 
150 89.70029337975954740022 
200 97.01675630296306421172 
250 95.33215629897689529859 
300 90.27265954087726569330 
375 83.35858789811135373605 
500 78.40379627696959918933 
600 82.17761175059496590907 
625 78.18246954445333601122 
750 76.23487796490146218495 
1000 77.89938930340981206858 
1250 75.09283978091580557429 
1500 75.80162747778675418778 
1875 68.81638869943142370403 
2500 48.77536969562435074563 
3000 37.70291078201031585152 
3750 28.11939369588188354946 
5000 15.70312084521594303661 
