#threads performnce(MPX/s)
1 3.45872736756767334438 
2 5.93436106092766301353 
4 11.31033953036052033996 
6 16.20569156852439831688 
8 21.28955267716598016532 
10 25.69950923074972550068 
12 30.45738875946378751842 
14 34.88007609747446545895 
16 39.08468191409325883040 
18 43.21290441036664132789 
20 48.16414340070961837943 
22 51.84606557490373913824 
24 55.79908757332000107134 
26 60.35815725741117693577 
28 63.70321211414256608995 
30 67.61325219743069641649 
32 67.96480450150534490325 
34 70.47176619159300018040 
36 75.13785291414648742225 
38 78.06325413440341285608 
40 80.34288199558864015922 
42 81.38144459659760456430 
44 84.31753759812687653364 
46 84.30925985462835354132 
48 86.96331075894620565547 
50 90.34036636431419014278 
52 87.69437458125936137448 
54 91.60861055795343921117 
56 90.74882298776584867694 
58 91.39854396026235038058 
60 94.27416435380716785326 
62 92.06622384858911580826 
64 92.53421606862830979468 
66 92.98327540819657904198 
68 94.62675632516781529530 
70 96.04987421735360825226 
72 97.21939565831141576068 
