#threads performnce(MPX/s)
1 3.45459488526192592559 
2 6.92001061314338837120 
4 13.83948278961901011038 
6 20.76217865568676534761 
8 27.66913713119499682973 
10 34.56946572813896126283 
12 41.41467371587361861355 
14 48.27730483899518836195 
16 55.11895896209775408615 
18 62.01945260804202107338 
20 68.78682961502304358792 
22 75.73169438727168997800 
24 82.63054524407961324497 
26 89.42844492280934094018 
28 96.05098129951428085989 
30 102.99175013194387544681 
32 109.71462008265168046226 
34 116.62956118775545113610 
36 123.25856195057496010531 
38 129.69136912584558772670 
40 136.28459130068196809486 
42 142.56992104160950668906 
44 149.62165670408094731123 
46 155.52809044684257239314 
48 163.06167499851432696112 
50 169.21886316511474167048 
52 175.77726754628215454493 
54 182.17974420344538332237 
56 188.96193550771132663036 
58 195.90514708123098087530 
60 202.61964690149533299413 
62 208.09922170891080867357 
64 214.06553259504509647220 
66 221.70545691031275249788 
68 227.72149964222422167321 
70 233.98964829795929828064 
72 241.42200781563513301816 
