#tilesize performnce(MPX/s)
10 93.71673056065096890603 
12 98.68970771617541854305 
15 98.30689314827169928052 
20 99.26950877476277896386 
24 97.87796227652829912897 
25 98.55764176531191522465 
30 98.49417724311733633222 
40 99.56236807986229418246 
50 97.71931797996363104138 
60 98.14334599019002732746 
75 98.08319285640489788231 
100 97.42714398173046196054 
120 95.11003385494493974462 
125 93.84623148987357452788 
150 89.63804158806738390379 
200 97.00312091374353150855 
250 95.37972150816959107957 
300 90.27827375101011357408 
375 83.52618601615730542296 
500 78.75333126591254810078 
600 81.96461532913164500797 
625 78.09820797587494290153 
750 76.28758180571688966374 
1000 77.54791427129775917546 
1250 74.92534937690414450402 
1500 75.67138172243535393859 
1875 69.02551919461637763892 
2500 48.72810970884846164274 
3000 37.69869095065542944086 
3750 27.80328815278413477650 
5000 15.70114291061646385558 
