5.57506821466304 231.1898
11.1384788221003 123.3215
16.6935009726498 84.7135
22.2274051944528 65.2909
27.739155846606 52.9012
33.216278929128 45.3222
38.6679108011727 40.2534
44.1016800270396 35.6930
49.4853177027029 32.2638
54.773520744534 29.5298
60.0800099224711 27.3911
65.3423849961189 25.5348
70.4442847069971 24.0742
75.4261460069487 22.7146
80.5424932730766 21.4661
85.3876155254031 20.5980
90.3649658951646 19.8890
94.9868363171367 19.0699
100.118392860083 18.3775
104.641219267528 17.9581
109.375147827348 17.1732
113.832514984607 16.6511
118.19235265086 16.3630
122.196119482423 15.8699
126.24068442938 15.2131
131.056891356561 15.0699
135.379309229782 14.5989
138.984702847231 14.5472
143.332359833596 14.0792
146.834344355967 13.7753
150.613994084097 13.3243
154.043597110767 13.1968
157.467239334525 12.9810
160.603233085331 12.8146
163.725270072727 12.7031
167.338078834069 12.4852
169.569432929536 18.7224
172.111635442379 18.3272
174.909932316728 18.1293
176.44998658728 17.7516
178.323867732602 17.5290
182.325356499142 17.0781
184.820331271434 17.0104
184.655273401125 16.7346
189.273103675478 16.5497
188.174997155869 16.1642
191.012616274155 15.9568
194.907419950061 15.8274
196.426254400509 15.5086
198.351034179624 15.3537
200.529874410718 15.1349
200.890712109217 15.0689
202.713159257945 15.0251
204.148692224936 14.6998
204.294980939278 14.6299
199.601654977162 14.5793
176.098803705481 14.4005
208.752855123983 14.0158
208.216025911592 14.0379
209.969788496982 13.9602
210.486250602103 13.5762
206.71906355083 13.8552
61.025780868565 40.1420
210.203209748961 13.5573
190.403824070403 14.4272
210.968079776072 13.3320
63.7988898583029 62.5450
211.058516501346 13.0325
56.2873806253714 45.2161
210.722769617263 12.9858
56.303747909653 72.0752
206.536941403876 12.6934
