3.71397275682613 202.9542
7.41430166446105 107.4435
11.1081329853938 72.0820
14.7955116509175 56.2412
18.4572872006624 45.5316
22.1008160898412 39.1402
25.7142491318305 34.2518
29.2769535606662 30.0435
32.7914541629167 27.8043
36.2729300136745 25.2133
39.7413394048032 23.1182
43.1788006004962 22.1293
46.6442430687346 20.3263
49.8382941368618 19.3572
53.2826733853682 18.3848
56.5176186449944 17.5827
59.6436580278551 17.0867
62.6872047024072 16.1959
65.8557515562796 15.7769
68.8415745991741 15.1016
71.8266493779238 14.4006
74.3911812442828 14.2386
77.6756825867121 13.7164
80.4070309584931 13.4075
83.04966878576 13.1083
85.7084376001985 12.5457
88.3907511655646 12.4672
90.1658351938302 12.1243
92.4356219895946 11.9284
95.6835751823406 11.6658
97.0937961232375 11.7226
100.134688308252 11.4070
101.121565283245 11.2101
103.365560500121 10.9965
106.412225104634 10.8107
108.326532877312 10.8048
