#N MFLOPS/s \n
25 7327.456140
38 8762.508987
57 10854.989489
86 11394.206597
129 12016.066235
194 12171.823046
291 12189.139105
437 12042.241794
656 11121.506237
985 7180.622228
1477 9763.096333
2216 11665.169076
3325 5275.230826
4987 7373.972190
7481 5069.023510
11222 5878.693742
16834 4543.590605
25251 4544.316949
37876 4544.284632
56815 4542.472878
85222 3776.324016
127834 3309.741322
191751 3286.963078
287626 3289.905652
431439 3164.737210
647159 3163.035908
970739 3256.422286
1456109 3069.160278
2184164 2415.428025
3276246 2025.183527
4914369 1911.748309
7371554 1787.758484
11057332 1726.206510
16585998 1743.012546
24878997 1695.411737
37318496 1759.541773
55977744 1668.260235

