#N MFLOPS/s \n
25 5762.775804
38 7534.817013
57 8047.814678
86 8188.447445
129 8426.121811
194 8498.164316
291 8496.409158
437 8663.604697
656 8163.371858
985 7029.982002
1477 8513.293756
2216 4984.639888
3325 4685.431512
4987 6129.756296
7481 4637.494821
11222 5119.504807
16834 4290.874864
25251 4269.794907
37876 4167.770046
56815 3497.250650
85222 2333.193791
127834 2300.901478
191751 2322.713534
287626 2344.678517
431439 2292.583555
647159 2091.014017
970739 1690.501016
1456109 1655.679116
2184164 1395.301651
3276246 1288.462154
4914369 1123.821048
7371554 1151.572085
11057332 1206.317063
16585998 1191.334902
24878997 1178.191388
37318496 1200.118798
55977744 1192.794503

